t(22)=2.94
t(22)=2.77
t(27)=7.02
t(35)=9.5
t(29)=4.04
t(58)=-2.14
t(59)=7.8919
t(35)=8.3022
t(55)=16.5
t(27)=0.739
t(27)=2.157
t(29)=2.652
t(30)=2.204
t(28)=1.023
t(54)=4.047
t(25)=5.52621884
t(23)=5.237611241
t(31)=3.4
t(31)=3.36
t(31)=4.2
t(31)=2.6
t(15)=4.3
t(15)=2.3
t(15)=4.3
t(15)=2.3
t(25)=9.39
t(25)=8.54
t(25)=11.3
t(26)=3.16
t(26)=4.68
t(25)=2.15
t(34)=3.37
t(30)=2.71
t(39)=4.59
t(20)=0.47
t(35)=9.1327
t(23)=5.6349
t(23)=8.85
t(23)=4.7
t(23)=5.72
t(23)=4.82
t(23)=6.1
t(23)=8.8
t(23)=7.33
t(15)=4.1
t(15)=5.34
t(6)=3.26
t(7)=0.22
t(11)=4.03
t(11)=1.78
t(7)=2.95
t(32)=2.21
t(30)=4.41
t(47)=4.5
t(47)=4
t(47)=5.03
t(47)=3.29
t(47)=3.33
t(47)=3.1
t(47)=2.16
t(47)=3.4
t(35)=1.72
t(35)=3.25
t(35)=1.71
t(17)=5.738608964
t(17)=0.724684987
t(11)=4.62
t(11)=2.27
t(15)=4.26
t(15)=2.78
t(15)=2.3
t(15)=2.14
t(15)=3.2
t(15)=2.19
t(15)=3.56
t(15)=2.4
t(15)=2.95
t(15)=2.3
t(15)=2.5
t(15)=2
t(27)=5.61
